01.05.2023
1
0
-1
02.05.2023
2
0
-2
03.05.2023
0
-1
-2
04.05.2023
1
0
-1
05.05.2023
5
3
1
06.05.2023
7
4
1
07.05.2023
9
5
1
08.05.2023
12
6
1
09.05.2023
12
6
1
10.05.2023
14
8
2
11.05.2023
16
10
5
12.05.2023
16
10
5
13.05.2023
7
6
5
14.05.2023
8
5
2
15.05.2023
9
5
2
16.05.2023
11
7
4
17.05.2023
12
8
5
18.05.2023
11
6
2
19.05.2023
12
7
3
20.05.2023
10
7
4
21.05.2023
12
8
5
22.05.2023
14
10
6
23.05.2023
15
11
7
24.05.2023
19
15
11
25.05.2023
21
15
10
26.05.2023
21
16
11
27.05.2023
10
9
8
28.05.2023
10
7
4
29.05.2023
8
6
4
30.05.2023
8
7
6
31.05.2023
12
9
6