0
убийства и покушение на убийство
15,6
31,8
30,8
15,6
11,9
11,5
10,4
9,7
8,6
7,9
10,3
8,9
6,3
5,8
4,6
1
умышленное причинение тяжкого вреда здоровью
41,0
49,8
57,9
39,7
32,9
30,2
27,4
24,6
23,2
21,5
19,6
15,3
17,9
16,5
15,4
2
изнасилование и покушение на изнасилование
15,0
7,9
9,2
4,9
4,2
3,9
3,9
3,5
3,4
3,2
3,1
2,9
2,9
2,7
2,1
3
грабеж
83,3
132,4
344,4
164,5
77,7
72,7
61,5
56,9
50,1
45,8
40,6
40,2
38,7
31,5
24,9
4
преступления, связанные с незаконным оборотом наркотиков
16,3
243,6
175,2
222,6
254,7
236,9
201,2
208,7
200,3
190
193
179
130,5
148,9
123